Gêstoœæ pocz¹tkowa 1: 50
[[-1 -1  1 -1 -1  1  1  1  1  1]
 [ 1  1  1  1  1 -1 -1 -1  1  1]
 [-1 -1  1 -1 -1  1  1  1  1 -1]
 [-1 -1 -1  1 -1 -1 -1  1 -1 -1]
 [-1  1 -1 -1 -1  1 -1 -1  1  1]
 [ 1 -1  1  1 -1  1  1  1  1  1]
 [-1 -1  1  1 -1  1 -1 -1 -1 -1]
 [ 1 -1 -1  1 -1  1  1  1 -1 -1]
 [-1 -1 -1  1 -1  1  1  1  1 -1]
 [-1  1  1  1 -1  1 -1 -1  1 -1]]

Wartoœæ uzgodnionej pary: 1
Wspó³rzêdne wylosowanych elementów:
el1: (8, 3), el2: (7, 3)
Gêstoœæ pocz¹tkowa 1: 54
[[-1 -1  1 -1 -1  1  1  1  1  1]
 [ 1  1  1  1  1 -1 -1 -1  1  1]
 [-1 -1  1 -1 -1  1  1  1  1 -1]
 [-1 -1 -1  1 -1 -1 -1  1 -1 -1]
 [-1  1 -1 -1 -1  1 -1 -1  1  1]
 [ 1 -1  1  1 -1  1  1  1  1  1]
 [-1 -1  1  1 -1  1 -1 -1 -1 -1]
 [ 1 -1  1  1  1  1  1  1 -1 -1]
 [-1 -1  1  1  1  1  1  1  1 -1]
 [-1  1  1  1 -1  1 -1 -1  1 -1]]

Wartoœæ uzgodnionej pary: 1
Wspó³rzêdne wylosowanych elementów:
el1: (5, 3), el2: (6, 3)
Gêstoœæ pocz¹tkowa 1: 57
[[-1 -1  1 -1 -1  1  1  1  1  1]
 [ 1  1  1  1  1 -1 -1 -1  1  1]
 [-1 -1  1 -1 -1  1  1  1  1 -1]
 [-1 -1 -1  1 -1 -1 -1  1 -1 -1]
 [-1  1 -1  1 -1  1 -1 -1  1  1]
 [ 1 -1  1  1  1  1  1  1  1  1]
 [-1 -1  1  1  1  1 -1 -1 -1 -1]
 [ 1 -1  1  1  1  1  1  1 -1 -1]
 [-1 -1  1  1  1  1  1  1  1 -1]
 [-1  1  1  1 -1  1 -1 -1  1 -1]]

Wartoœæ uzgodnionej pary: -1
Wspó³rzêdne wylosowanych elementów:
el1: (6, 9), el2: (7, 9)
Gêstoœæ pocz¹tkowa 1: 55
[[-1 -1  1 -1 -1  1  1  1  1  1]
 [ 1  1  1  1  1 -1 -1 -1  1  1]
 [-1 -1  1 -1 -1  1  1  1  1 -1]
 [-1 -1 -1  1 -1 -1 -1  1 -1 -1]
 [-1  1 -1  1 -1  1 -1 -1  1  1]
 [ 1 -1  1  1  1  1  1  1  1 -1]
 [-1 -1  1  1  1  1 -1 -1 -1 -1]
 [-1 -1  1  1  1  1  1  1 -1 -1]
 [-1 -1  1  1  1  1  1  1  1 -1]
 [-1  1  1  1 -1  1 -1 -1  1 -1]]

Wartoœæ uzgodnionej pary: 1
Wspó³rzêdne wylosowanych elementów:
el1: (6, 5), el2: (7, 5)
Gêstoœæ pocz¹tkowa 1: 56
[[-1 -1  1 -1 -1  1  1  1  1  1]
 [ 1  1  1  1  1 -1 -1 -1  1  1]
 [-1 -1  1 -1 -1  1  1  1  1 -1]
 [-1 -1 -1  1 -1 -1 -1  1 -1 -1]
 [-1  1 -1  1 -1  1 -1 -1  1  1]
 [ 1 -1  1  1  1  1  1  1  1 -1]
 [-1 -1  1  1  1  1  1 -1 -1 -1]
 [-1 -1  1  1  1  1  1  1 -1 -1]
 [-1 -1  1  1  1  1  1  1  1 -1]
 [-1  1  1  1 -1  1 -1 -1  1 -1]]

Wartoœæ uzgodnionej pary: -1
Wspó³rzêdne wylosowanych elementów:
el1: (1, 6), el2: (1, 5)
Gêstoœæ pocz¹tkowa 1: 51
[[-1 -1  1 -1 -1 -1 -1  1  1  1]
 [ 1  1  1  1 -1 -1 -1 -1  1  1]
 [-1 -1  1 -1 -1 -1 -1  1  1 -1]
 [-1 -1 -1  1 -1 -1 -1  1 -1 -1]
 [-1  1 -1  1 -1  1 -1 -1  1  1]
 [ 1 -1  1  1  1  1  1  1  1 -1]
 [-1 -1  1  1  1  1  1 -1 -1 -1]
 [-1 -1  1  1  1  1  1  1 -1 -1]
 [-1 -1  1  1  1  1  1  1  1 -1]
 [-1  1  1  1 -1  1 -1 -1  1 -1]]

Wartoœæ uzgodnionej pary: 1
Wspó³rzêdne wylosowanych elementów:
el1: (8, 2), el2: (9, 2)
Gêstoœæ pocz¹tkowa 1: 52
[[-1 -1  1 -1 -1 -1 -1  1  1  1]
 [ 1  1  1  1 -1 -1 -1 -1  1  1]
 [-1 -1  1 -1 -1 -1 -1  1  1 -1]
 [-1 -1 -1  1 -1 -1 -1  1 -1 -1]
 [-1  1 -1  1 -1  1 -1 -1  1  1]
 [ 1 -1  1  1  1  1  1  1  1 -1]
 [-1 -1  1  1  1  1  1 -1 -1 -1]
 [-1 -1  1  1  1  1  1  1 -1 -1]
 [-1  1  1  1  1  1  1  1  1 -1]
 [-1  1  1  1 -1  1 -1 -1  1 -1]]

Wartoœæ uzgodnionej pary: -1
Wspó³rzêdne wylosowanych elementów:
el1: (7, 1), el2: (6, 1)
Gêstoœæ pocz¹tkowa 1: 49
[[-1 -1  1 -1 -1 -1 -1  1  1  1]
 [ 1  1  1  1 -1 -1 -1 -1  1  1]
 [-1 -1  1 -1 -1 -1 -1  1  1 -1]
 [-1 -1 -1  1 -1 -1 -1  1 -1 -1]
 [-1  1 -1  1 -1  1 -1 -1  1  1]
 [ 1 -1  1  1  1  1  1  1  1 -1]
 [-1 -1 -1  1  1  1  1 -1 -1 -1]
 [-1 -1 -1  1  1  1  1  1 -1 -1]
 [-1 -1  1  1  1  1  1  1  1 -1]
 [-1  1  1  1 -1  1 -1 -1  1 -1]]

Wartoœæ uzgodnionej pary: 1
Wspó³rzêdne wylosowanych elementów:
el1: (8, 6), el2: (8, 5)
Gêstoœæ pocz¹tkowa 1: 50
[[-1 -1  1 -1 -1 -1 -1  1  1  1]
 [ 1  1  1  1 -1 -1 -1 -1  1  1]
 [-1 -1  1 -1 -1 -1 -1  1  1 -1]
 [-1 -1 -1  1 -1 -1 -1  1 -1 -1]
 [-1  1 -1  1 -1  1 -1 -1  1  1]
 [ 1 -1  1  1  1  1  1  1  1 -1]
 [-1 -1 -1  1  1  1  1 -1 -1 -1]
 [-1 -1 -1  1  1  1  1  1 -1 -1]
 [-1 -1  1  1  1  1  1  1  1 -1]
 [-1  1  1  1 -1  1  1 -1  1 -1]]

Wartoœæ uzgodnionej pary: 1
Wspó³rzêdne wylosowanych elementów:
el1: (5, 3), el2: (6, 3)
Gêstoœæ pocz¹tkowa 1: 51
[[-1 -1  1 -1 -1 -1 -1  1  1  1]
 [ 1  1  1  1 -1 -1 -1 -1  1  1]
 [-1 -1  1 -1 -1 -1 -1  1  1 -1]
 [-1 -1 -1  1 -1 -1 -1  1 -1 -1]
 [-1  1 -1  1 -1  1 -1 -1  1  1]
 [ 1 -1  1  1  1  1  1  1  1 -1]
 [-1 -1  1  1  1  1  1 -1 -1 -1]
 [-1 -1 -1  1  1  1  1  1 -1 -1]
 [-1 -1  1  1  1  1  1  1  1 -1]
 [-1  1  1  1 -1  1  1 -1  1 -1]]

Wartoœæ uzgodnionej pary: -1
Wspó³rzêdne wylosowanych elementów:
el1: (1, 4), el2: (1, 5)
Gêstoœæ pocz¹tkowa 1: 50
[[-1 -1  1 -1 -1 -1 -1  1  1  1]
 [ 1  1  1 -1 -1 -1 -1 -1  1  1]
 [-1 -1  1 -1 -1 -1 -1  1  1 -1]
 [-1 -1 -1  1 -1 -1 -1  1 -1 -1]
 [-1  1 -1  1 -1  1 -1 -1  1  1]
 [ 1 -1  1  1  1  1  1  1  1 -1]
 [-1 -1  1  1  1  1  1 -1 -1 -1]
 [-1 -1 -1  1  1  1  1  1 -1 -1]
 [-1 -1  1  1  1  1  1  1  1 -1]
 [-1  1  1  1 -1  1  1 -1  1 -1]]

Wartoœæ uzgodnionej pary: 1
Wspó³rzêdne wylosowanych elementów:
el1: (0, 2), el2: (1, 2)
Gêstoœæ pocz¹tkowa 1: 53
[[-1  1  1  1 -1 -1 -1  1  1  1]
 [ 1  1  1  1 -1 -1 -1 -1  1  1]
 [-1 -1  1 -1 -1 -1 -1  1  1 -1]
 [-1 -1 -1  1 -1 -1 -1  1 -1 -1]
 [-1  1 -1  1 -1  1 -1 -1  1  1]
 [ 1 -1  1  1  1  1  1  1  1 -1]
 [-1 -1  1  1  1  1  1 -1 -1 -1]
 [-1 -1 -1  1  1  1  1  1 -1 -1]
 [-1 -1  1  1  1  1  1  1  1 -1]
 [-1  1  1  1 -1  1  1 -1  1 -1]]

Wartoœæ uzgodnionej pary: 1
Wspó³rzêdne wylosowanych elementów:
el1: (0, 8), el2: (0, 9)
Gêstoœæ pocz¹tkowa 1: 55
[[ 1  1  1  1 -1 -1 -1  1  1  1]
 [ 1  1  1  1 -1 -1 -1 -1  1  1]
 [-1 -1  1 -1 -1 -1 -1  1  1 -1]
 [-1 -1 -1  1 -1 -1 -1  1 -1 -1]
 [-1  1 -1  1 -1  1 -1 -1  1  1]
 [ 1 -1  1  1  1  1  1  1  1 -1]
 [-1 -1  1  1  1  1  1 -1 -1 -1]
 [-1 -1 -1  1  1  1  1  1 -1 -1]
 [-1 -1  1  1  1  1  1  1  1 -1]
 [-1  1  1  1 -1  1  1 -1  1  1]]

Wartoœæ uzgodnionej pary: 1
Wspó³rzêdne wylosowanych elementów:
el1: (5, 4), el2: (5, 5)
Gêstoœæ pocz¹tkowa 1: 56
[[ 1  1  1  1 -1 -1 -1  1  1  1]
 [ 1  1  1  1 -1 -1 -1 -1  1  1]
 [-1 -1  1 -1 -1 -1 -1  1  1 -1]
 [-1 -1 -1  1 -1 -1 -1  1 -1 -1]
 [-1  1 -1  1  1  1 -1 -1  1  1]
 [ 1 -1  1  1  1  1  1  1  1 -1]
 [-1 -1  1  1  1  1  1 -1 -1 -1]
 [-1 -1 -1  1  1  1  1  1 -1 -1]
 [-1 -1  1  1  1  1  1  1  1 -1]
 [-1  1  1  1 -1  1  1 -1  1  1]]

Wartoœæ uzgodnionej pary: 1
Wspó³rzêdne wylosowanych elementów:
el1: (1, 3), el2: (0, 3)
Gêstoœæ pocz¹tkowa 1: 59
[[ 1  1  1  1  1 -1 -1  1  1  1]
 [ 1  1  1  1  1 -1 -1 -1  1  1]
 [-1 -1  1  1 -1 -1 -1  1  1 -1]
 [-1 -1 -1  1 -1 -1 -1  1 -1 -1]
 [-1  1 -1  1  1  1 -1 -1  1  1]
 [ 1 -1  1  1  1  1  1  1  1 -1]
 [-1 -1  1  1  1  1  1 -1 -1 -1]
 [-1 -1 -1  1  1  1  1  1 -1 -1]
 [-1 -1  1  1  1  1  1  1  1 -1]
 [-1  1  1  1 -1  1  1 -1  1  1]]

Wartoœæ uzgodnionej pary: 1
Wspó³rzêdne wylosowanych elementów:
el1: (8, 7), el2: (8, 6)
Gêstoœæ pocz¹tkowa 1: 60
[[ 1  1  1  1  1 -1 -1  1  1  1]
 [ 1  1  1  1  1 -1 -1 -1  1  1]
 [-1 -1  1  1 -1 -1 -1  1  1 -1]
 [-1 -1 -1  1 -1 -1 -1  1 -1 -1]
 [-1  1 -1  1  1  1 -1 -1  1  1]
 [ 1 -1  1  1  1  1  1  1  1 -1]
 [-1 -1  1  1  1  1  1 -1 -1 -1]
 [-1 -1 -1  1  1  1  1  1 -1 -1]
 [-1 -1  1  1  1  1  1  1  1 -1]
 [-1  1  1  1 -1  1  1  1  1  1]]

Wartoœæ uzgodnionej pary: -1
Wspó³rzêdne wylosowanych elementów:
el1: (2, 9), el2: (2, 0)
Gêstoœæ pocz¹tkowa 1: 57
[[ 1  1  1  1  1 -1 -1  1  1  1]
 [-1  1  1  1  1 -1 -1 -1  1 -1]
 [-1 -1  1  1 -1 -1 -1  1 -1 -1]
 [-1 -1 -1  1 -1 -1 -1  1 -1 -1]
 [-1  1 -1  1  1  1 -1 -1  1  1]
 [ 1 -1  1  1  1  1  1  1  1 -1]
 [-1 -1  1  1  1  1  1 -1 -1 -1]
 [-1 -1 -1  1  1  1  1  1 -1 -1]
 [-1 -1  1  1  1  1  1  1  1 -1]
 [-1  1  1  1 -1  1  1  1  1  1]]

Wartoœæ uzgodnionej pary: 1
Wspó³rzêdne wylosowanych elementów:
el1: (5, 3), el2: (5, 2)
Gêstoœæ pocz¹tkowa 1: 59
[[ 1  1  1  1  1 -1 -1  1  1  1]
 [-1  1  1  1  1 -1 -1 -1  1 -1]
 [-1 -1  1  1 -1 -1 -1  1 -1 -1]
 [-1 -1 -1  1 -1 -1 -1  1 -1 -1]
 [-1  1  1  1  1  1 -1 -1  1  1]
 [ 1  1  1  1  1  1  1  1  1 -1]
 [-1 -1  1  1  1  1  1 -1 -1 -1]
 [-1 -1 -1  1  1  1  1  1 -1 -1]
 [-1 -1  1  1  1  1  1  1  1 -1]
 [-1  1  1  1 -1  1  1  1  1  1]]

Wartoœæ uzgodnionej pary: 1
Wspó³rzêdne wylosowanych elementów:
el1: (5, 6), el2: (5, 5)
Gêstoœæ pocz¹tkowa 1: 60
[[ 1  1  1  1  1 -1 -1  1  1  1]
 [-1  1  1  1  1 -1 -1 -1  1 -1]
 [-1 -1  1  1 -1 -1 -1  1 -1 -1]
 [-1 -1 -1  1 -1 -1 -1  1 -1 -1]
 [-1  1  1  1  1  1  1 -1  1  1]
 [ 1  1  1  1  1  1  1  1  1 -1]
 [-1 -1  1  1  1  1  1 -1 -1 -1]
 [-1 -1 -1  1  1  1  1  1 -1 -1]
 [-1 -1  1  1  1  1  1  1  1 -1]
 [-1  1  1  1 -1  1  1  1  1  1]]

Wartoœæ uzgodnionej pary: 1
Wspó³rzêdne wylosowanych elementów:
el1: (8, 5), el2: (8, 6)
Gêstoœæ pocz¹tkowa 1: 60
[[ 1  1  1  1  1 -1 -1  1  1  1]
 [-1  1  1  1  1 -1 -1 -1  1 -1]
 [-1 -1  1  1 -1 -1 -1  1 -1 -1]
 [-1 -1 -1  1 -1 -1 -1  1 -1 -1]
 [-1  1  1  1  1  1  1 -1  1  1]
 [ 1  1  1  1  1  1  1  1  1 -1]
 [-1 -1  1  1  1  1  1 -1 -1 -1]
 [-1 -1 -1  1  1  1  1  1 -1 -1]
 [-1 -1  1  1  1  1  1  1  1 -1]
 [-1  1  1  1 -1  1  1  1  1  1]]

Wartoœæ uzgodnionej pary: 1
Wspó³rzêdne wylosowanych elementów:
el1: (5, 2), el2: (6, 2)
Gêstoœæ pocz¹tkowa 1: 62
[[ 1  1  1  1  1 -1 -1  1  1  1]
 [-1  1  1  1  1 -1 -1 -1  1 -1]
 [-1 -1  1  1 -1 -1 -1  1 -1 -1]
 [-1 -1 -1  1 -1 -1 -1  1 -1 -1]
 [-1  1  1  1  1  1  1 -1  1  1]
 [ 1  1  1  1  1  1  1  1  1 -1]
 [-1  1  1  1  1  1  1 -1 -1 -1]
 [-1 -1  1  1  1  1  1  1 -1 -1]
 [-1 -1  1  1  1  1  1  1  1 -1]
 [-1  1  1  1 -1  1  1  1  1  1]]

Wartoœæ uzgodnionej pary: -1
Wspó³rzêdne wylosowanych elementów:
el1: (6, 9), el2: (6, 0)
Gêstoœæ pocz¹tkowa 1: 60
[[ 1  1  1  1  1 -1 -1  1  1  1]
 [-1  1  1  1  1 -1 -1 -1  1 -1]
 [-1 -1  1  1 -1 -1 -1  1 -1 -1]
 [-1 -1 -1  1 -1 -1 -1  1 -1 -1]
 [-1  1  1  1  1  1  1 -1  1  1]
 [-1  1  1  1  1  1  1  1  1 -1]
 [-1 -1  1  1  1  1  1 -1 -1 -1]
 [-1 -1  1  1  1  1  1  1 -1 -1]
 [-1 -1  1  1  1  1  1  1  1 -1]
 [-1  1  1  1 -1  1  1  1  1  1]]

Wartoœæ uzgodnionej pary: 1
Wspó³rzêdne wylosowanych elementów:
el1: (8, 6), el2: (7, 6)
Gêstoœæ pocz¹tkowa 1: 60
[[ 1  1  1  1  1 -1 -1  1  1  1]
 [-1  1  1  1  1 -1 -1 -1  1 -1]
 [-1 -1  1  1 -1 -1 -1  1 -1 -1]
 [-1 -1 -1  1 -1 -1 -1  1 -1 -1]
 [-1  1  1  1  1  1  1 -1  1  1]
 [-1  1  1  1  1  1  1  1  1 -1]
 [-1 -1  1  1  1  1  1 -1 -1 -1]
 [-1 -1  1  1  1  1  1  1 -1 -1]
 [-1 -1  1  1  1  1  1  1  1 -1]
 [-1  1  1  1 -1  1  1  1  1  1]]

-----
Czas symulacji: 31 iteracji
